Leaky ReLU:
Fprop: [ 1.5   -0.033  2.8   -0.014 -0.045 -0.015]
Bprop: [[  5.     0.1  -10.    -0.05   0.     0.1 ]]
ELU:
Fprop: [ 1.5        -0.96311683  2.8        -0.75340304 -0.988891   -0.77686984]
Bprop: [[  5.           0.36883167 -10.          -1.23298482   0.           2.2313016 ]]
SELU:
Fprop: [ 1.57605148 -1.69325507  2.94196276 -1.32455738 -1.73856862 -1.36581435]
Bprop: [[  5.25350494   0.64844272 -10.50700987  -2.1677098    0.           3.92284987]]
